   3.14159274       12.5663710       28.2743340       50.2654839       78.5398178       113.097336       153.938049       201.061935       254.469009       314.159271       380.132721       452.389343       530.929199       615.752197       706.858337       804.247742       907.920288       1017.87604       1134.11499       1256.63708    
   3.14159274       12.5663710       28.2743340       50.2654839       78.5398178       113.097336       153.938049       201.061935       254.469009       314.159271       380.132721       452.389343       530.929199       615.752197       706.858337       804.247742       907.920288       1017.87604       1134.11499       1256.63708    
   3.14159274       12.5663710       28.2743340       50.2654839       78.5398178       113.097336       153.938049       201.061935       254.469009       314.159271       380.132721       452.389343       530.929199       615.752197       706.858337       804.247742       907.920288       1017.87604       1134.11499       1256.63708    
   3.14159274       12.5663710       28.2743340       50.2654839       78.5398178       113.097336       153.938049       201.061935       254.469009       314.159271       380.132721       452.389343       530.929199       615.752197       706.858337       804.247742       907.920288       1017.87604       1134.11499       1256.63708    
   3.14159274       12.5663710       28.2743340       50.2654839       78.5398178       113.097336       153.938049       201.061935       254.469009       314.159271       380.132721       452.389343       530.929199       615.752197       706.858337       804.247742       907.920288       1017.87604       1134.11499       1256.63708    
   3.14159274       12.5663710       28.2743340       50.2654839       78.5398178       113.097336       153.938049       201.061935       254.469009       314.159271       380.132721       452.389343       530.929199       615.752197       706.858337       804.247742       907.920288       1017.87604       1134.11499       1256.63708    
   3.14159274       12.5663710       28.2743340       50.2654839       78.5398178       113.097336       153.938049       201.061935       254.469009       314.159271       380.132721       452.389343       530.929199       615.752197       706.858337       804.247742       907.920288       1017.87604       1134.11499       1256.63708    
   3.14159274       12.5663710       28.2743340       50.2654839       78.5398178       113.097336       153.938049       201.061935       254.469009       314.159271       380.132721       452.389343       530.929199       615.752197       706.858337       804.247742       907.920288       1017.87604       1134.11499       1256.63708    
   3.14159274       12.5663710       28.2743340       50.2654839       78.5398178       113.097336       153.938049       201.061935       254.469009       314.159271       380.132721       452.389343       530.929199       615.752197       706.858337       804.247742       907.920288       1017.87604       1134.11499       1256.63708    
   3.14159274       12.5663710       28.2743340       50.2654839       78.5398178       113.097336       153.938049       201.061935       254.469009       314.159271       380.132721       452.389343       530.929199       615.752197       706.858337       804.247742       907.920288       1017.87604       1134.11499       1256.63708    
   3.14159274       12.5663710       28.2743340       50.2654839       78.5398178       113.097336       153.938049       201.061935       254.469009       314.159271       380.132721       452.389343       530.929199       615.752197       706.858337       804.247742       907.920288       1017.87604       1134.11499       1256.63708    
   3.14159274       12.5663710       28.2743340       50.2654839       78.5398178       113.097336       153.938049       201.061935       254.469009       314.159271       380.132721       452.389343       530.929199       615.752197       706.858337       804.247742       907.920288       1017.87604       1134.11499       1256.63708    
   3.14159274       12.5663710       28.2743340       50.2654839       78.5398178       113.097336       153.938049       201.061935       254.469009       314.159271       380.132721       452.389343       530.929199       615.752197       706.858337       804.247742       907.920288       1017.87604       1134.11499       1256.63708    
   3.14159274       12.5663710       28.2743340       50.2654839       78.5398178       113.097336       153.938049       201.061935       254.469009       314.159271       380.132721       452.389343       530.929199       615.752197       706.858337       804.247742       907.920288       1017.87604       1134.11499       1256.63708    
   3.14159274       12.5663710       28.2743340       50.2654839       78.5398178       113.097336       153.938049       201.061935       254.469009       314.159271       380.132721       452.389343       530.929199       615.752197       706.858337       804.247742       907.920288       1017.87604       1134.11499       1256.63708    
   3.14159274       12.5663710       28.2743340       50.2654839       78.5398178       113.097336       153.938049       201.061935       254.469009       314.159271       380.132721       452.389343       530.929199       615.752197       706.858337       804.247742       907.920288       1017.87604       1134.11499       1256.63708    
   3.14159274       12.5663710       28.2743340       50.2654839       78.5398178       113.097336       153.938049       201.061935       254.469009       314.159271       380.132721       452.389343       530.929199       615.752197       706.858337       804.247742       907.920288       1017.87604       1134.11499       1256.63708    
   3.14159274       12.5663710       28.2743340       50.2654839       78.5398178       113.097336       153.938049       201.061935       254.469009       314.159271       380.132721       452.389343       530.929199       615.752197       706.858337       804.247742       907.920288       1017.87604       1134.11499       1256.63708    
   3.14159274       12.5663710       28.2743340       50.2654839       78.5398178       113.097336       153.938049       201.061935       254.469009       314.159271       380.132721       452.389343       530.929199       615.752197       706.858337       804.247742       907.920288       1017.87604       1134.11499       1256.63708    
   3.14159274       12.5663710       28.2743340       50.2654839       78.5398178       113.097336       153.938049       201.061935       254.469009       314.159271       380.132721       452.389343       530.929199       615.752197       706.858337       804.247742       907.920288       1017.87604       1134.11499       1256.63708    
